aa-918739.c:func_12
14104006777003051
79
1
2
4
8
1
4
6
4
7
7
0
0
8
1
1
1
3
5
7
2
2
6
4
7401
0
6
7
6
4
1
1
8
3
5
3
3
5
3
8
5
8
9
2
8
5
0
9
5
5
8
0
1
7
6
1
7
4
1
4
6
5
5
5
6
4
5
2
9
0
2
3
8
5
3
3
4
4
1
0
a
5
38
1
6
0
0
8
0
5
4
0
8
2
5
7
4
4
2
8
3
6
7
1
0
4
9
3
2
4
3
3
0
3
9
6
9
2
2
5
8
b
3096043842
37
1
3
8
6
6
4
2
8
8
4
6
7
9
3
8
5
8
6
6
1
6
1
1
0
9
6
7
3
3
6
7
3
0
3
4
0
1
d
508125391300682
101
1
0
9
5
0
2
3
5
1
7
3
5
8
7
0
9
9
2
8
5
0
4
3
7
6
7
7
5
6
7
5
3
4
8
5
4
9
4
1
1
9
4
5
8
5
4
5
4
9
2
4
9
6
4
3
1
0
8
7
5
4
1
0
1
0
5
3
7
0
5
7
1
6
9
6
6
3
9
9
2
8
4
4
9
3
0
3
5
5
1
6
9
1
4
6
6
3
9
8
2
2
